OFFSET 0x747

RAW DATA = 08 10 10 00 7F 00 02 40 31 10 22 31 80 81 01 31 43 17 09 13 10 13 74 17 08 13 51 55 31 80 91 32 33 57 51 70 A1 73 25 11 35 17 02 11 33 50 13 51 22 80 31 60 01 3D 1D 04 1D D1 D0 41 DD 1D 03 1D 1E 01 10 23 01 00
GODOT OUTPUT = [0, 0, 0, 0, 0, 0, 0, 0, 0, 0, 0, 0, 0, 0, 0, 0, 0, 0, 0, 0, 0, 0, 0, 0, 0, 0, 0, 0, 0, 0, 0, 0, 0, 0, 0, 0, 1, 1, 0, 1, 1, 1, 0, 0, 0, 0, 0, 0, 0, 0, 1, 0, 1, 3, 1, 4, 3, 1, 0, 0, 0, 0, 0, 0, 0, 1, 3, 1, 0, 1, 3, 7, 4, 1, 0, 0, 0, 0, 0, 0, 0, 1, 3, 5, 1, 5, 5, 3, 1, 0, 0, 0, 0, 0, 0, 0, 0, 1, 3, 2, 3, 3, 5, 7, 5, 1, 0, 0, 0, 0, 0, 0, 0, 1, 7, 3, 2, 5, 1, 1, 3, 5, 1, 0, 0, 0, 0, 0, 0, 0, 1, 1, 3, 3, 3, 0, 1, 3, 5, 1, 0, 0, 0, 0, 0, 0, 0, 0, 1, 1, 1, 0, 0, 1, 3, 13, 1, 0, 0, 0, 0, 0, 0, 0, 0, 0, 0, 0, 0, 0, 1, 13, 13, 1, 0, 0, 0, 0, 0, 0, 0, 0, 0, 0, 0, 0, 0, 1, 13, 13, 1, 0, 0, 0, 0, 0, 0, 0, 0, 0, 0, 0, 0, 0, 1, 13, 1, 0, 0, 0, 0, 0, 0, 0, 0, 0, 0, 0, 0, 0, 0, 1, 0, 0, 0, 0, 0, 0, 0, 0, 0, 0, 0, 0, 0, 0, 0, 0, 0, 0, 0, 0, 0, 0, 0, 0, 0, 0, 0, 0, 0, 0, 0, 0, 0, 0, 0, 0]

08 = TYPE
10 = WIDTH 16
10 = HEIGHT 16
00 = AUX PAL 0
7F 00 = NIBBLES 127 = BYTES 64

REPEAT
COUNT 0
COUNT 24 = 36
VAL = 0
0 0 0 0 0 0 0 0 0 0 0 0 0 0 0 0 0 0 0 0 0 0 0 0 0 0 0 0 0 0 0 0 0 0 0 0

RUN
COUNT 3
1 1 0

REPEAT
COUNT 2*
*REPEATS = 2
COUNT0 = 3
VAL0 = 1
COUNT1 = 8
VAL1 = 0
1 1 1 0 0 0 0 0 0 0 0

RUN
COUNT 8
1 0 1 3 1 4 3 1

REPEAT
COUNT 7
VAL 0
0 0 0 0 0 0 0

RUN
COUNT 9
1 3 1 0 1 3 7 4 1

REPEAT
COUNT 7
VAL 0
0 0 0 0 0 0 0

RUN
COUNT 8
1 3 5 1 5 5 3 1

REPEAT
COUNT 8
VAL 0
0 0 0 0 0 0 0 0

RUN
COUNT 9
1 3 2 3 3 5 7 5 1

REPEAT
COUNT 7
VAL 0
0 0 0 0 0 0 0

RUN
COUNT A(10)
1 7 3 2 5 1 1 3 5 1

REPEAT
COUNT 7
VAL 0
0 0 0 0 0 0 0

RUN
COUNT 2
1 1

REPEAT
COUNT 3
VAL 3
3 3 3

RUN
COUNT 5
0 1 3 5 1


REPEAT
COUNT 2*
*REPEATS 2
COUNT0 8
VAL0 0
COUNT1 3
VAL1 1
0 0 0 0 0 0 0 0 1 1 1 

RUN
COUNT 6
0 0 1 3 D 1 

REPEAT
COUNT 13
VAL 0
0 0 0 0 0 0 0 0 0 0 0 0 0 

RUN
COUNT 4
1 D D 1

REPEAT
COUNT D
VAL 0
0 0 0 0 0 0 0 0 0 0 0 0 0

RUN
COUNT 4
1 D D 1

REPEAT
COUNT D
VAL 0
0 0 0 0 0 0 0 0 0 0 0 0 0

RUN
COUNT 3
1 D 1

REPEAT
COUNT E
VAL 0
0 0 0 0 0 0 0 0 0 0 0 0 0 0

RUN
COUNT 1
1

TEST 0 23 01 00

REPEAT
COUNT 0
COUNT 23 (35)
VAL 0
0 0 0 0 0 0 0 0 0 0 0 0 0 0 0 0 0 0 0 0 0 0 0 0 0 0 0 0 0 0 0 0 0 0 0

RUN
COUNT 1
0

REMAINDER NIBBLE 0

IMAGE
0 0 0 0 0 0 0 0 0 0 0 0 0 0 0 0 
0 0 0 0 0 0 0 0 0 0 0 0 0 0 0 0 
0 0 0 0 1 1 0 1 1 1 0 0 0 0 0 0 
0 0 1 0 1 3 1 4 3 1 0 0 0 0 0 0 
0 1 3 1 0 1 3 7 4 1 0 0 0 0 0 0 
0 1 3 5 1 5 5 3 1 0 0 0 0 0 0 0 
0 1 3 2 3 3 5 7 5 1 0 0 0 0 0 0 
0 1 7 3 2 5 1 1 3 5 1 0 0 0 0 0 
0 0 1 1 3 3 3 0 1 3 5 1 0 0 0 0 
0 0 0 0 1 1 1 0 0 1 3 D 1 0 0 0 
0 0 0 0 0 0 0 0 0 0 1 D D 1 0 0 
0 0 0 0 0 0 0 0 0 0 0 1 D D 1 0 
0 0 0 0 0 0 0 0 0 0 0 0 1 D 1 0 
0 0 0 0 0 0 0 0 0 0 0 0 0 1 0 0 
0 0 0 0 0 0 0 0 0 0 0 0 0 0 0 0 
0 0 0 0 0 0 0 0 0 0 0 0 0 0 0 0 0 0


GODOT OUTPUT
0 0 0 0 0 0 0 0 0 0 0 0 0 0 0 0 
0 0 0 0 0 0 0 0 0 0 0 0 0 0 0 0 
0 0 0 0 1 1 0 1 1 1 0 0 0 0 0 0 
0 0 1 0 1 3 1 4 3 1 0 0 0 0 0 0 
0 1 3 1 0 1 3 7 4 1 0 0 0 0 0 0 
0 1 3 5 1 5 5 3 1 0 0 0 0 0 0 0 
0 1 3 2 3 3 5 7 5 1 0 0 0 0 0 0 
0 1 7 3 2 5 1 1 3 5 1 0 0 0 0 0 
0 0 1 1 3 3 3 0 1 3 5 1 0 0 0 0 
0 0 0 0 1 1 1 0 0 1 3 D 1 0 0 0 
0 0 0 0 0 0 0 0 0 0 1 D D 1 0 0 
0 0 0 0 0 0 0 0 0 0 0 1 D D 1 0 
0 0 0 0 0 0 0 0 0 0 0 0 1 D 1 0 
0 0 0 0 0 0 0 0 0 0 0 0 0 1 0 0 
0 0 0 0 0 0 0 0 0 0 0 0 0 0 0 0 
0 0 0 0 0 0 0 0 0 0 0 0 0 0 0 0 0 0